Proto-Seeker					100		36180	0	340		10000	2	2582	6	1.485	3.34	20.0	20	0		1
Front Laser Wasp (T1)			10		8865	0	8.4		400		1	3798	14	0.78	6.35	15.87	100	0.98	1
Front Laser Hornet (T3)			14		12411	0	10.8	560		1	5298	12	1.118	4.6		11.49	100	0.96	1
Front Laser Blaster (T5)		18		15957	0	13.2	1800	2	7391	10	1.615	3.28	8.2		100	0.94	1
Front Laser Vaporizer (T7)		22		19503	0	15.6	2200	2	10311	8	2.359	2.35	5.88	100	0.92	1
Front Laser Disintegrator(T9)	26		23049	0	18		6500	3	14384	6	3.509	1.69	4.22	100	0.90	1
Top Laser Wasp (T1)				10		8865	0	8.4		400		1	3798	14	0.78	6.35	15.87	100	0.98	1
Top Laser Hornet (T3)			14		12411	0	10.8	560		1	5298	12	1.118	4.6		11.49	100	0.96	1
Top Laser Blaster (T5)			18		15957	0	13.2	1800	2	7391	10	1.615	3.28	8.2		100	0.94	1
Top Laser Vaporizer (T7)		22		19503	0	15.6	2200	2	10311	8	2.359	2.35	5.88	100	0.92	1
Top Laser Disintegrator(T9)		26		23049	0	18		6500	3	14384	6	3.509	1.69	4.22	100	0.90	1
Laser Leviathan (Mega)			300		65183	0	1000	12500	4	24078	4	5.384	2.42	3.03	100	0.85	1
Plasma Pulser (T1)				14		12411	0	11.8	560		1	12615	14	6.689	0.6		8.33	100	1.15	0.15
Plasma Disrupter (T3)			18		15957	0	15.1	720		1	15138	12	7.787	0.69	8.33	100	1.10	0.15
Plasma Bombarder (T5)			22		19503	0	18.5	2200	2	18922	10	9.433	0.83	8.33	100	1.05	0.15
Plasma Ravager (T7)				26		23049	0	21.8	2600	2	25230	8	12.178	1.04	8.33	100	1.00	0.15
Plasma Devastator (T9)			30		26595	0	25.2	7500	3	37845	6	16.667	1.39	8.33	100	0.95	0.15
Plasma Goliathon (Mega)			300		78220	0	1350	15000	4	90827	4	34.133	2.08	8.33	100	0.90	0.15
Rail Piercer (T3)				18		15957	0	14		720		1	24000	9	15.208	0.22	1.33	100	0		1
Rail Penetrator (T5)			22		19503	0	17.2	2200	2	30476	8	17.778	0.22	1.33	100	0		1
Rail Decimator (T7)				26		23049	0	20.3	2600	2	41143	7	22.917	0.22	1.33	100	0		1
Rail Erazer (T9)				30		26595	0	23.4	7500	3	55543	6	30.625	0.22	1.33	100	0		1
Nano Binder (T5)				18		15957	0	16.5	720		1	5805	10	0		4.0		10		10	0		1
Nano Mender (T7)				22		19503	0	19.5	2200	2	15238	8	3.902	2.67	6.67	10	0		1
Nano Constructor (T9)			26		23049	0	22.5	6500	3	40000	6	12.135	1.78	4.44	10	0		1
Aeroflak Cannon					300		108540	0	4500	75000	3	31710	4	10.843	1.33	1.67	100	0.7		3
Lock-on Missle Launcher			275		71702	0	1350	137500	4	37000	4	19.167	2.67	3.33	90	0.3		1
Ion Distorter					245		88641	0	2250	122500	4	225000	4	28.75	0.8		2.0		10	5		1
Tesla Slicer (T5)				20		14183	0	16.4	640		1	45000	4	0		1.67	6.67	5	0		0.8
Tesla Ripper (T7)				22		17730	0	17.6	2000	2	67500	3	5.06	2.33	6.67	5	0		0.8
Tesla Nova (T9)					24		21276	0	18.9	6000	3	101250	2	14.348	3.33	6.67	5	0		0.8